4294967278,406
4294967278,174
4294967278,10
4294967278,8
4294967279,130
4294967279,129
4294967279,332
4294967279,123
4294967279,328
4294967279,114
4294967279,520
4294967279,111
4294967279,109
4294967279,104
4294967279,331
4294967279,156
4294967279,69
4294967279,55
4294967279,340
4294967279,267
4294967279,317
4294967279,348
4294967279,336
4294967278,412
4294967279,373
2944,7
2944,6
2944,5
2944,4
2944,3
2944,2
2944,1
4294967278,424
4294967279,133
4294967279,539
4294967278,276
4294967279,534
4294967279,88
2940,5
2940,4
2940,3
2940,2
2940,1
2938,6
2938,5
2938,4
4294967279,243
2938,3
2938,2
2938,1
2935,7
4294967279,234
2935,6
2935,5
2935,4
2935,3
2935,2
2935,1
4294967279,196
4294967278,193
4294967278,192
4294967279,192
4294967279,187
4294967294,175
4294967294,458
2932,5
2932,4
2932,3
2932,2
2932,1
4294967279,179
4294967278,379
4294967279,222
4294967279,172
4294967278,243
4294967278,167
4294967279,326
4294967278,163
4294967279,159
4294967278,148
4294967278,147
4294967279,146
2928,5
2928,4
2928,3
2928,2
2928,1
4294967279,525
4294967278,143
4294967294,1417
4294967278,296
4294967279,296
2926,8
4294967279,344
4294967279,523
4294967279,246
2926,7
2926,6
2926,5
2926,4
2926,3
2926,2
2926,1
4294967278,327
4294967294,185
4294967294,996
4294967294,194
4294967294,414
4294967294,109
4294967279,378
2922,4
2922,3
2922,2
2922,1
4294967278,245
4294967278,394
2921,5
2921,4
2921,3
2921,2
2921,1
4294967278,256
4294967279,312
2920,6
2920,5
4294967278,209
2920,4
2920,3
2920,2
2920,1
2919,4
2919,3
2919,2
2919,1
4294967278,202
4294967278,367
4294967279,337
4294967278,391
4294967294,385
4294967294,444
4294967294,406
4294967294,116
4294967294,118
4294967279,188
4294967279,131
4294967279,126
4294967279,122
4294967279,120
4294967279,113
4294967279,112
4294967279,70
4294967279,137
4294967278,175
4294967278,162
4294967278,421
4294967279,144
4294967278,144
2918,7
2918,6
2918,5
2918,4
2918,2
2918,1
4294967279,138
4294967294,503
4294967278,359
2914,5
2914,4
2914,3
2914,2
2914,1
4294967278,247
2912,6
2912,5
2912,4
2912,3
2912,2
2912,1
4294967278,409
4294967278,317
4294967278,210
4294967278,207
2909,7
2909,6
2909,5
2909,4
2909,3
2909,2
2909,1
4294967279,190
4294967294,163
4294967279,323
2906,5
2906,4
4294967279,171
2906,2
2906,1
4294967278,154
4294967278,146
4294967279,142
4294967279,140
2902,5
2902,4
2902,3
2902,2
2902,1
4294967278,288
2900,8
4294967278,366
4294967294,168
4294967279,295
2900,7
2900,6
2900,5
2900,4
2900,2
2900,1
4294967278,319
4294967279,288
4294967278,250
4294967294,1413
2896,4
2896,3
2896,2
2896,1
2895,5
2895,4
2895,3
2895,2
2895,1
4294967294,502
4294967279,208
4294967279,206
2894,6
2894,5
2894,4
2894,3
2894,2
2894,1
4294967278,385
2893,4
2893,3
2893,2
2893,1
4294967294,148
4294967294,411
4294967294,450
4294967294,404
4294967278,384
4294967278,395
4294967278,364
4294967278,392
4294967278,352
4294967278,229
4294967278,369
4294967278,137
4294967278,374
4294967278,283
4294967279,342
4294967279,259
4294967279,286
4294967279,351
4294967279,350
4294967279,291
4294967279,334
4294967279,290
4294967279,266
4294967279,274
4294967279,289
4294967279,173
4294967278,335
2892,7
2892,6
2892,5
2892,4
2892,2
2892,1
4294967278,349
4294967278,400
4294967278,145
4294967278,387
4294967294,501
4294967278,325
4294967278,293
2888,5
2888,4
2888,3
2888,2
2888,1
4294967279,255
2886,6
2886,5
2886,4
2886,3
2886,2
2886,1
4294967294,401
2883,7
4294967279,369
2883,6
2883,5
2883,4
4294967279,209
2883,3
2883,2
2883,1
4294967278,199
4294967278,198
2880,5
2880,4
2880,2
2880,1
4294967278,336
4294967279,170
4294967279,169
4294967278,168
4294967279,165
4294967278,164
4294967278,329
4294967278,156
4294967278,350
2876,5
2876,4
2876,3
2876,2
2876,1
4294967279,145
4294967278,252
4294967279,143
4294967294,403
4294967294,110
4294967294,169
4294967294,397
4294967278,140
2874,8
4294967278,388
4294967278,135
2874,7
2874,6
4294967279,283
2874,5
4294967278,287
2874,4
4294967279,279
2874,2
2874,1
4294967278,274
4294967278,321
4294967279,258
4294967278,285
4294967278,282
4294967278,358
4294967278,254
4294967278,253
4294967278,248
2870,4
4294967278,246
2870,3
2870,2
2870,1
4294967278,362
2869,5
2869,4
2869,3
2869,2
2869,1
4294967294,413
4294967294,412
4294967294,160
4294967279,314
2868,6
4294967278,404
2868,5
4294967278,360
2868,4
2868,3
2868,2
2868,1
2867,4
2867,3
2867,2
2867,1
4294967279,285
4294967278,255
4294967278,251
4294967278,345
4294967279,224
4294967278,61
4294967278,59
4294967278,54
4294967278,53
4294967278,51
4294967278,50
4294967278,49
4294967278,45
4294967278,44
4294967278,43
4294967278,40
4294967278,37
4294967278,36
4294967278,28
4294967278,27
4294967278,26
4294967278,25
4294967278,18
4294967278,13
4294967278,12
4294967279,100
4294967279,74
4294967279,72
4294967279,71
4294967279,65
4294967279,62
4294967279,54
4294967279,53
4294967279,52
4294967279,51
4294967279,50
4294967279,364
4294967278,184
4294967278,170
2866,7
2866,6
2866,5
2866,4
2866,2
2866,1
4294967278,136
4294967279,282
2862,5
2862,4
2862,3
2862,2
2862,1
4294967278,330
2860,6
2860,5
2860,4
2860,3
2860,2
2860,1
4294967279,533
4294967294,460
2857,7
2857,6
2857,5
2857,4
2857,3
2857,2
2857,1
4294967279,358
4294967279,195
4294967278,186
4294967278,227
2854,5
2854,4
2854,2
2854,1
4294967278,313
4294967278,88
4294967279,549
4294967278,165
4294967278,309
4294967279,161
4294967278,241
2850,5
2850,4
2850,3
2850,2
2850,1
4294967278,141
4294967279,134
2848,8
4294967278,273
4294967278,270
4294967278,269
4294967279,333
4294967279,262
4294967279,261
2848,7
2848,6
2848,5
2848,4
2848,2
2848,1
4294967279,253
4294967278,239
4294967278,357
4294967278,386
4294967294,164
4294967278,235
4294967279,572
2844,4
2844,3
2844,2
2844,1
4294967294,1418
2843,5
2843,4
2843,3
2843,2
2843,1
2842,6
2842,5
4294967279,207
4294967278,206
2842,4
2842,3
2842,2
2842,1
2841,4
2841,3
2841,2
2841,1
4294967278,200
4294967294,415
4294967278,334
4294967278,295
4294967278,338
4294967278,328
4294967278,340
4294967278,320
4294967278,322
4294967278,221
4294967278,34
4294967278,23
4294967278,11
4294967279,566
4294967279,338
4294967279,240
4294967279,64
4294967279,244
4294967279,571
2840,7
2840,6
4294967279,162
2840,5
2840,4
2840,2
2840,1
4294967279,218
4294967279,349
4294967294,198
2836,5
2836,4
2836,3
2836,2
2836,1
2834,6
2834,5
2834,4
2834,3
2834,2
2834,1
4294967279,236
4294967278,341
2831,7
4294967294,387
4294967278,216
2831,6
2831,5
2831,4
2831,3
2831,2
2831,1
4294967278,215
4294967279,198
2828,5
2828,4
2828,2
2828,1
4294967279,556
4294967279,558
4294967294,459
2824,5
2824,4
2824,3
2824,2
2824,1
4294967278,368
2822,8
4294967279,548
4294967294,1010
2822,7
2822,6
2822,5
2822,4
2822,2
2822,1
4294967278,382
4294967279,263
4294967278,381
4294967278,348
2818,4
2818,3
2818,2
2818,1
2817,5
2817,4
2817,3
2817,2
2817,1
4294967294,454
4294967279,565
2816,6
2816,5
4294967278,306
2816,4
2816,3
2816,2
2816,1
2815,4
2815,3
2815,2
2815,1
4294967278,316
4294967278,315
4294967294,421
4294967294,197
4294967278,284
4294967278,263
4294967278,380
4294967278,188
4294967278,378
4294967279,155
2814,7
2814,6
2814,5
2814,4
2814,2
2814,1
4294967278,375
4294967279,381
4294967278,373
4294967279,135
4294967278,371
4294967279,550
2810,5
2810,4
2810,3
2810,2
2810,1
4294967278,225
2808,6
2808,5
2808,4
2808,3
2808,2
2808,1
4294967278,312
4294967278,237
4294967279,235
4294967279,233
4294967278,291
4294967279,327
2805,7
4294967278,305
4294967278,324
4294967294,162
4294967278,204
2805,6
2805,5
2805,4
4294967278,205
2805,3
2805,2
2805,1
4294967279,205
4294967279,199
4294967278,353
4294967278,185
4294967279,185
4294967279,182
4294967279,184
2802,5
2802,4
4294967279,183
2802,2
2802,1
4294967279,322
4294967278,304
4294967279,560
4294967279,177
4294967278,173
4294967278,172
4294967278,171
4294967279,167
4294967278,166
4294967279,166
4294967278,300
4294967279,163
4294967278,158
4294967278,157
4294967279,157
4294967279,320
4294967279,152
4294967279,151
2798,5
2798,4
2798,3
2798,2
2798,1
4294967279,540
4294967279,214
4294967294,409
4294967294,398
4294967294,448
4294967294,455
4294967278,297
4294967278,308
2796,8
4294967278,307
4294967294,393
2796,7
4294967279,277
2796,6
2796,5
2796,4
2796,2
2796,1
4294967279,264
4294967278,418
4294967279,275
4294967279,559
4294967278,408
4294967279,254
4294967279,555
4294967278,365
4294967278,302
4294967279,515
4294967279,513
4294967294,995
2792,4
2792,3
2792,2
2792,1
4294967278,236
4294967279,231
4294967278,234
4294967279,545
2791,5
2791,4
2791,3
2791,2
2791,1
4294967279,225
4294967294,120
4294967278,224
2790,6
4294967294,128
4294967294,186
2790,5
4294967278,356
2790,4
2790,3
2790,2
2790,1
4294967278,427
2789,4
2789,3
2789,2
2789,1
4294967294,999
4294967294,395
4294967294,29
4294967294,407
4294967294,410
4294967294,468
4294967294,451
4294967294,388
4294967279,564
4294967279,557
4294967279,232
4294967294,392
4294967294,389
4294967294,44
4294967294,115
4294967279,284
4294967294,107
4294967294,90
4294967294,86
4294967294,85
4294967294,53
4294967294,427
4294967294,40
4294967294,37
4294967294,424
4294967294,9
4294967294,68
4294967294,11
4294967279,563
4294967278,132
4294967278,131
4294967278,128
4294967278,126
4294967278,125
4294967278,124
4294967278,123
4294967278,122
4294967278,121
4294967278,120
4294967278,117
4294967278,115
4294967278,113
4294967278,112
4294967278,110
4294967278,108
4294967278,107
4294967278,105
4294967278,104
4294967278,101
4294967278,97
4294967278,95
4294967278,94
4294967278,93
4294967278,92
4294967278,91
4294967278,86
4294967278,83
4294967278,82
4294967278,81
4294967278,80
4294967278,79
4294967278,69
4294967278,67
4294967278,66
4294967278,56
4294967279,96
4294967279,94
4294967279,84
4294967279,83
4294967279,260
4294967279,68
4294967279,67
4294967279,66
4294967279,44
4294967279,43
4294967279,42
4294967279,41
4294967279,40
4294967279,35
4294967279,33
4294967279,32
4294967279,26
4294967279,23
4294967279,19
4294967279,79
4294967278,78
4294967279,78
4294967279,562
4294967279,561
4294967279,316
4294967279,315
2788,7
2788,6
2788,5
2788,4
2788,2
2788,1
4294967278,326
4294967279,230
2784,5
2784,4
2784,3
2784,2
2784,1
4294967278,311
4294967279,535
2782,6
2782,5
2782,4
2782,3
2782,2
2782,1
4294967278,290
4294967294,176
4294967294,998
2779,7
4294967294,384
4294967294,453
4294967294,466
4294967294,191
2779,6
2779,5
2779,4
2779,3
2779,2
2779,1
4294967279,527
2776,5
2776,4
2776,2
2776,1
4294967279,310
4294967279,168
4294967278,303
4294967279,530
4294967294,1421
4294967294,1420
2772,5
2772,4
2772,3
2772,2
2772,1
4294967278,294
2770,8
4294967279,308
2770,7
2770,6
4294967278,377
2770,5
2770,4
2770,2
2770,1
4294967279,304
4294967294,1014
4294967294,111
4294967278,232
2766,4
2766,3
2766,2
2766,1
4294967279,537
2765,5
4294967294,190
2765,4
2765,3
2765,2
2765,1
2764,6
2764,5
2764,4
2764,3
2764,2
2764,1
4294967278,301
2763,4
2763,3
2763,2
2763,1
4294967279,301
4294967279,325
4294967278,436
4294967294,1419
4294967294,42
4294967294,99
4294967294,36
4294967294,39
4294967278,130
4294967278,127
4294967278,118
4294967278,114
4294967278,109
4294967278,103
4294967278,102
4294967278,99
4294967278,90
4294967278,89
4294967278,85
4294967278,76
4294967278,75
4294967278,68
4294967279,99
4294967279,92
4294967279,91
4294967279,90
4294967279,89
4294967279,86
4294967279,81
4294967279,76
4294967279,544
4294967279,58
4294967279,543
4294967279,220
4294967279,45
4294967279,39
4294967279,38
4294967279,36
4294967279,30
4294967279,29
4294967279,27
4294967279,25
4294967279,24
4294967279,22
4294967279,20
4294967279,16
4294967279,15
4294967279,14
4294967279,13
4294967279,11
4294967279,10
4294967279,9
4294967279,4
4294967278,72
4294967294,180
2762,7
2762,6
2762,5
2762,4
2762,3
2762,2
2762,1
4294967279,363
4294967278,299
4294967294,500
4294967278,344
2758,5
2758,4
2758,3
2758,2
2758,1
4294967278,217
4294967294,436
4294967279,574
2756,6
2756,5
2756,4
2756,3
2756,2
2756,1
4294967279,294
4294967278,279
2753,7
4294967279,313
2753,6
2753,5
2753,4
2753,3
2753,2
2753,1
2750,5
2750,4
2750,3
2750,2
2750,1
4294967278,343
2746,5
2746,4
2746,3
2746,2
2746,1
4294967279,532
4294967278,342
2744,8
4294967294,463
4294967294,462
4294967279,547
2744,7
2744,6
2744,5
2744,4
2744,2
2744,1
4294967278,292
4294967278,331
4294967279,514
2740,4
2740,3
2740,2
2740,1
4294967278,223
2739,5
2739,4
2739,3
2739,2
2739,1
4294967294,499
2738,6
4294967278,230
2738,5
2738,4
2738,3
2738,2
2738,1
2737,4
2737,3
2737,2
2737,1
4294967279,2
4294967279,174
4294967294,189
4294967279,276
2736,7
2736,6
2736,5
2736,4
2736,2
2736,1
4294967278,438
4294967279,519
4294967279,175
4294967294,498
4294967294,1004
4294967294,997
4294967294,193
4294967278,332
4294967279,269
2732,5
2732,4
2732,3
2732,2
2732,1
2730,6
2730,5
2730,4
2730,3
2730,2
2730,1
2727,7
4294967279,357
4294967278,258
4294967278,257
2727,6
2727,5
2727,4
4294967279,551
2727,3
2727,2
2727,1
4294967279,245
4294967278,244
4294967278,242
4294967279,223
4294967278,222
2724,5
2724,4
2724,2
2724,1
4294967294,1007
4294967278,189
2720,5
4294967278,183
2720,4
2720,3
2720,2
2720,1
4294967278,180
4294967278,178
4294967294,112
4294967294,456
2718,8
4294967279,319
2718,7
2718,6
2718,5
2718,4
2718,2
2718,1
4294967278,398
4294967278,155
4294967294,497
4294967279,272
4294967278,277
2714,4
2714,3
2714,2
2714,1
2713,5
4294967294,161
4294967294,195
2713,4
2713,3
2713,2
2713,1
4294967278,281
4294967278,265
2712,6
4294967294,461
4294967294,400
4294967294,496
2712,5
2712,4
2712,3
2712,2
2712,1
4294967279,242
2711,4
2711,3
2711,2
2711,1
4294967278,240
4294967294,92
4294967294,88
4294967278,422
4294967278,280
4294967278,129
4294967278,116
4294967278,106
4294967278,98
4294967278,96
4294967278,314
4294967278,87
4294967278,441
4294967278,271
4294967278,74
4294967278,73
4294967278,71
4294967278,65
4294967278,266
4294967278,403
4294967278,259
4294967279,75
4294967279,528
4294967279,517
4294967279,383
4294967279,526
4294967279,47
4294967279,529
4294967279,12
4294967279,521
4294967279,546
4294967279,6
4294967278,420
4294967278,220
2710,7
2710,6
2710,5
2710,4
4294967278,203
2710,2
2710,1
4294967279,200
4294967279,226
4294967278,187
4294967279,186
4294967279,180
4294967294,495
2706,5
2706,4
2706,3
2706,2
2706,1
2704,6
2704,5
2704,4
2704,3
2704,2
2704,1
4294967278,416
4294967278,138
2701,7
2701,6
2701,5
2701,4
2701,3
2701,2
2701,1
4294967278,262
4294967279,518
4294967279,573
4294967279,248
2698,5
2698,4
2698,2
2698,1
4294967279,365
4294967279,221
4294967278,214
4294967278,213
4294967279,213
4294967279,212
4294967278,443
4294967278,208
4294967279,366
4294967278,196
2694,5
2694,4
4294967278,197
2694,3
2694,2
2694,1
4294967294,1002
4294967278,194
4294967278,191
4294967278,289
2692,8
4294967278,419
2692,7
4294967279,178
2692,6
4294967278,177
2692,5
2692,4
2692,2
2692,1
4294967294,167
4294967294,1008
4294967294,467
4294967294,416
4294967278,169
4294967294,494
4294967278,152
4294967279,150
4294967278,150
4294967279,149
4294967279,148
2688,4
4294967279,147
2688,3
2688,2
2688,1
2687,5
2687,4
2687,3
2687,2
2687,1
4294967279,136
2686,6
2686,5
2686,4
2686,3
2686,2
2686,1
2685,4
2685,3
2685,2
2685,1
4294967294,179
4294967294,391
4294967278,249
4294967278,432
4294967278,84
4294967278,77
4294967278,64
4294967278,63
4294967278,62
4294967278,361
4294967278,425
4294967279,541
4294967279,522
4294967279,531
4294967279,85
4294967279,335
4294967279,49
4294967279,48
4294967279,281
4294967279,352
4294967279,37
4294967279,372
4294967279,28
4294967279,343
4294967279,382
4294967279,380
4294967279,512
4294967279,355
4294967278,415
4294967279,249
4294967279,247
4294967278,226
2684,7
2684,6
2684,5
2684,4
2684,2
2684,1
4294967279,524
4294967279,374
4294967279,204
4294967279,202
4294967278,389
2680,5
2680,4
2680,3
2680,2
2680,1
4294967279,377
2678,6
2678,5
2678,4
2678,3
2678,2
2678,1
4294967279,370
4294967278,149
2675,7
2675,6
2675,5
2675,4
4294967279,139
2675,3
2675,2
2675,1
4294967278,134
4294967278,133
4294967279,265
4294967278,268
4294967278,264
4294967279,257
4294967279,256
2672,5
2672,4
4294967278,261
2672,2
2672,1
4294967279,553
4294967278,428
4294967278,238
4294967279,229
4294967278,228
4294967279,227
4294967279,219
4294967278,218
4294967279,217
4294967279,215
4294967279,211
2668,5
4294967278,212
2668,4
2668,3
2668,2
2668,1
4294967279,210
4294967294,465
4294967279,203
4294967279,201
4294967278,201
2666,8
4294967278,195
4294967279,193
2666,7
2666,6
2666,5
2666,4
4294967279,191
2666,2
2666,1
4294967278,190
4294967278,182
4294967278,179
4294967278,181
4294967279,181
4294967294,170
4294967294,196
4294967278,435
4294967279,164
2662,4
2662,3
2662,2
2662,1
4294967279,158
2661,5
2661,4
4294967279,154
2661,3
2661,2
2661,1
4294967279,153
4294967278,153
4294967278,151
2660,6
2660,5
2660,4
2660,3
2660,2
2660,1
4294967279,141
2659,4
2659,3
2659,2
2659,1
4294967294,390
4294967279,362
4294967278,411
4294967279,339
4294967294,396
4294967294,420
4294967294,178
4294967294,113
4294967294,114
4294967294,149
4294967294,437
4294967278,119
4294967278,111
4294967278,390
4294967278,100
4294967278,417
4294967278,414
4294967278,397
4294967278,437
4294967278,431
4294967278,346
4294967278,70
4294967278,399
4294967278,440
4294967278,434
4294967278,405
4294967278,0
4294967278,260
4294967278,447
4294967278,439
4294967279,376
4294967279,379
4294967279,305
4294967279,375
4294967279,98
4294967279,97
4294967279,95
4294967279,93
4294967279,87
4294967279,299
4294967279,57
4294967279,56
4294967279,302
4294967279,46
4294967279,321
4294967279,34
4294967279,31
4294967279,21
4294967279,18
4294967279,371
4294967279,17
4294967279,538
4294967279,330
4294967279,0
4294967279,8
4294967279,7
4294967279,5
4294967294,5
4294967279,516
4294967278,355
2658,7
2658,6
2658,5
2658,4
2658,3
2658,2
2658,1
4294967279,197
2654,5
2654,4
2654,3
2654,2
2654,1
4294967278,407
2652,6
2652,5
2652,4
2652,3
2652,2
2652,1
4294967278,402
2649,7
2649,6
2649,5
2649,4
2649,3
2649,2
2649,1
4294967279,271
4294967278,267
4294967294,205
4294967278,278
4294967279,552
4294967279,569
2646,5
2646,4
2646,3
2646,2
2646,1
4294967279,347
4294967279,250
4294967294,464
4294967294,457
4294967279,241
4294967279,239
4294967279,237
4294967279,318
4294967278,211
2642,5
2642,4
2642,3
2642,2
2642,1
4294967279,353
4294967279,536
2640,8
2640,7
4294967279,189
2640,6
2640,5
2640,4
2640,3
2640,2
2640,1
4294967278,231
4294967279,176
4294967278,176
4294967279,160
4294967278,159
2636,4
2636,3
2636,2
2636,1
2635,5
2635,4
2635,3
2635,2
2635,1
2634,6
4294967294,1415
4294967294,399
2634,5
2634,4
4294967278,142
2634,3
2634,2
2634,1
4294967278,139
2633,4
2633,3
2633,2
2633,1
0,7
4294967294,1
4294967294,28
4294967278,401
4294967294,0
4294967279,367
4294967294,199
4294967294,173
4294967294,2
4294967294,89
4294967279,360
4294967294,50
4294967294,91
4294967294,87
4294967294,84
4294967294,150
4294967294,129
4294967294,419
4294967294,1015
4294967294,27
4294967294,46
4294967294,45
4294967294,38
4294967294,96
4294967294,94
4294967294,8
4294967294,22
4294967294,93
4294967294,95
4294967294,17
4294967294,67
4294967294,76
4294967294,41
4294967294,43
4294967294,417
4294967294,51
4294967294,52
4294967294,25
4294967294,146
4294967294,26
4294967294,81
4294967294,202
4294967294,82
4294967294,1414
4294967294,83
4294967293,131
4294967293,130
4294967293,129
4294967293,128
4294967293,127
4294967293,126
4294967293,125
4294967293,124
4294967293,123
4294967293,122
4294967293,121
4294967293,120
4294967293,119
4294967293,118
4294967293,117
4294967293,116
4294967293,115
4294967293,114
4294967293,113
4294967293,112
4294967293,111
4294967293,110
4294967293,109
4294967293,108
4294967293,107
4294967293,106
4294967293,105
4294967293,104
4294967293,103
4294967293,102
4294967293,101
4294967293,100
4294967293,99
4294967293,98
4294967293,97
4294967293,96
4294967293,95
4294967293,94
4294967293,93
4294967293,92
4294967293,91
4294967293,90
4294967293,89
4294967293,87
4294967293,86
4294967293,85
4294967293,84
4294967293,83
4294967293,82
4294967293,81
4294967293,80
4294967293,79
4294967293,78
4294967293,77
4294967293,76
4294967293,75
4294967293,74
4294967293,73
4294967293,72
4294967293,71
4294967293,70
4294967293,69
4294967293,68
4294967293,67
4294967293,66
4294967293,65
4294967293,64
4294967293,63
4294967293,62
4294967293,61
4294967293,60
4294967293,59
4294967293,58
4294967293,57
4294967293,56
4294967293,55
4294967293,54
4294967293,53
4294967293,52
4294967293,51
4294967293,50
4294967293,49
4294967293,48
4294967293,47
4294967293,46
4294967293,45
4294967293,44
4294967293,43
4294967293,42
4294967293,41
4294967293,40
4294967293,39
4294967293,38
4294967293,37
4294967293,36
4294967293,35
4294967293,34
4294967293,33
4294967293,32
4294967293,31
4294967293,30
4294967293,29
4294967293,28
4294967293,27
4294967293,26
4294967293,25
4294967293,24
4294967293,23
4294967293,22
